|             |   rjieba |   T word |   T phrase |     HG |   subword nmt |   forward* |   backward* |   birect* |   bpe_raw* |
|:------------|---------:|---------:|-----------:|-------:|--------------:|-----------:|------------:|----------:|-----------:|
| rjieba      |   1.0000 |   0.8097 |     0.8026 | 0.6468 |        0.6680 |     0.6621 |      0.6590 |    0.6608 |     0.6641 |
| T word      |   0.8097 |   1.0000 |     0.7557 | 0.7012 |        0.7219 |     0.7100 |      0.7052 |    0.7069 |     0.7131 |
| T phrase    |   0.8026 |   0.7557 |     1.0000 | 0.6244 |        0.6435 |     0.6413 |      0.6364 |    0.6388 |     0.6433 |
| HG          |   0.6468 |   0.7012 |     0.6244 | 1.0000 |        0.9236 |     0.9396 |      0.9385 |    0.9413 |     0.9736 |
| subword nmt |   0.6680 |   0.7219 |     0.6435 | 0.9236 |        1.0000 |     0.9089 |      0.9083 |    0.9106 |     0.9362 |
| forward*    |   0.6621 |   0.7100 |     0.6413 | 0.9396 |        0.9089 |     1.0000 |      0.9366 |    0.9551 |     0.9620 |
| backward*   |   0.6590 |   0.7052 |     0.6364 | 0.9385 |        0.9083 |     0.9366 |      1.0000 |    0.9815 |     0.9624 |
| birect*     |   0.6608 |   0.7069 |     0.6388 | 0.9413 |        0.9106 |     0.9551 |      0.9815 |    1.0000 |     0.9654 |
| bpe_raw*    |   0.6641 |   0.7131 |     0.6433 | 0.9736 |        0.9362 |     0.9620 |      0.9624 |    0.9654 |     1.0000 |